r	Twist   Chord  Pr-Name  oop-Deflection
2.8667	13.308   3.542     CYL1           0.000
5.6000	13.308   3.854     CYL1           0.273
8.3333  13.308   4.167     CYL2           0.545
11.7500  13.308   4.557     DU40           0.886
15.8500  11.480   4.652     DU35           1.295
19.9500  10.162   4.458     DU35           1.705
24.0500   9.011   4.249     DU30           2.114
28.1500   7.795   4.007     DU25           2.523
32.2500   6.544   3.748     DU25           2.932
36.3500   5.361   3.502     DU21           3.341
40.4500   4.188   3.256     DU21           3.750
44.5500   3.125   3.010     NA17           4.159
48.6500   2.319   2.764     NA17           4.568
52.7500   1.526   2.518     NA17           4.977
56.1667   0.863   2.313     NA17           5.318
58.9000   0.370   2.086     NA17           5.591
60.0000   0.200   2.000     NA17           5.701
61.6333   0.106   1.419     NA17           5.864
62.3170   0.530   0.714     NA17           5.932
63.0000   0.000   0.010     NA17           6.000
